======================================================================
  CH1(PA8)=65000Hz  CH2(PA0)=59000Hz  (6 identical samples)
======================================================================

--- Step 1: Normalize ---
  x0 = (65000.0-65000)/3800 = 0.0000000000
  y0 = (59000.0-59000)/3700 = 0.0000000000
  x1 = (65000.0-65000)/3800 = 0.0000000000
  y1 = (59000.0-59000)/3700 = 0.0000000000
  x2 = (65000.0-65000)/3800 = 0.0000000000
  y2 = (59000.0-59000)/3700 = 0.0000000000
  x3 = (65000.0-65000)/3800 = 0.0000000000
  y3 = (59000.0-59000)/3700 = 0.0000000000
  x4 = (65000.0-65000)/3800 = 0.0000000000
  y4 = (59000.0-59000)/3700 = 0.0000000000
  x5 = (65000.0-65000)/3800 = 0.0000000000
  y5 = (59000.0-59000)/3700 = 0.0000000000

--- Step 2: Powers ---
  x0^0 = (0.0000000000)^0 = 1.0000000000
  y0^0 = (0.0000000000)^0 = 1.0000000000
  x1^1 = (0.0000000000)^1 = 0.0000000000
  y1^1 = (0.0000000000)^1 = 0.0000000000
  x2^2 = (0.0000000000)^2 = 0.0000000000
  y2^2 = (0.0000000000)^2 = 0.0000000000
  x3^3 = (0.0000000000)^3 = 0.0000000000
  y3^3 = (0.0000000000)^3 = 0.0000000000
  x4^4 = (0.0000000000)^4 = 0.0000000000
  y4^4 = (0.0000000000)^4 = 0.0000000000
  x5^5 = (0.0000000000)^5 = 0.0000000000
  y5^5 = (0.0000000000)^5 = 0.0000000000

--- Step 3: P = SUM k[i][j] * x_j^j * y_i^i ---

  k[0][0]=    661.933891 * x0^0=    1.0000000000 * y0^0=    1.0000000000 = +661.933891
  k[0][1]=    628.383544 * x1^1=    0.0000000000 * y0^0=    1.0000000000 = +0.000000
  k[0][2]=     19.318891 * x2^2=    0.0000000000 * y0^0=    1.0000000000 = +0.000000
  k[0][3]=    -65.337509 * x3^3=    0.0000000000 * y0^0=    1.0000000000 = +-0.000000
  k[0][4]=    869.761164 * x4^4=    0.0000000000 * y0^0=    1.0000000000 = +0.000000
  k[0][5]=   4363.371597 * x5^5=    0.0000000000 * y0^0=    1.0000000000 = +0.000000
  k[1][0]=   -538.863937 * x0^0=    1.0000000000 * y1^1=    0.0000000000 = +-0.000000
  k[1][1]=    -11.107721 * x1^1=    0.0000000000 * y1^1=    0.0000000000 = +-0.000000
  k[1][2]=   -210.360991 * x2^2=    0.0000000000 * y1^1=    0.0000000000 = +-0.000000
  k[1][3]=   3472.179803 * x3^3=    0.0000000000 * y1^1=    0.0000000000 = +0.000000
  k[1][4]=  22136.615546 * x4^4=    0.0000000000 * y1^1=    0.0000000000 = +0.000000
  k[2][0]=    -31.061953 * x0^0=    1.0000000000 * y2^2=    0.0000000000 = +-0.000000
  k[2][1]=   -225.548104 * x1^1=    0.0000000000 * y2^2=    0.0000000000 = +-0.000000
  k[2][2]=   5228.960876 * x2^2=    0.0000000000 * y2^2=    0.0000000000 = +0.000000
  k[2][3]=  45853.375261 * x3^3=    0.0000000000 * y2^2=    0.0000000000 = +0.000000
  k[3][0]=    -80.166787 * x0^0=    1.0000000000 * y3^3=    0.0000000000 = +-0.000000
  k[3][1]=   3521.446816 * x1^1=    0.0000000000 * y3^3=    0.0000000000 = +0.000000
  k[3][2]=  45020.691682 * x2^2=    0.0000000000 * y3^3=    0.0000000000 = +0.000000
  k[4][0]=    894.836195 * x0^0=    1.0000000000 * y4^4=    0.0000000000 = +0.000000
  k[4][1]=  23392.128518 * x1^1=    0.0000000000 * y4^4=    0.0000000000 = +0.000000
  k[5][0]=   4781.604294 * x0^0=    1.0000000000 * y5^5=    0.0000000000 = +0.000000

======================================================================
  P = 661.933891
======================================================================
